4553.1431
16.788953
-1.0886062
604.90974
-1.1121965
31.295609
1055.2669
46.92826
19.388058
77.133526
5883.7188
-0.97955482
318.74656
3.3185109
304.66332
3.7796271
0.70903418
-1.2493804
15.880743
1374.6173
-1.3315599
-1.2972501
220.08753
-0.6171523
-0.95257066
6188.6861
70.13815
10.923486
-1.3719567
-1.1172184
936.30264
1314.4948
-1.0661541
2776.8574
-0.56743489
800.35352
165.76713
-1.0792676
181.96441
18.898678
20847.558
1250092.8
13794.952
4403.989
61156.926
94.037802
-1.255605
435.44125
4.1759979
5352.6152
2287.5818
-1.3289228
-1.070634
1491608.7
1002.014
-1.3585927
-1.2748698
-1.2414214
-1.1554496
46.850312
393.44928
-0.80002599
-0.94072497
39.595418
680.97956
1.3166743
32.32579
978.67288
18.709976
88.619583
1894.1261
30.228058
1315.9733
98.353463
-1.1079705
674.71501
335.42079
70.549465
550.68456
4.1386324
1531.642
16.623528
110.58124
-1.1183441
-1.1906432
-0.31938019
8.558089
3220.1458
-1.1850305
-1.0233456
2.286301
1228.9498
1587.0555
12.183341
10.793403
15774.05
4611.7908
-1.2003096
18.257377
119.72777
2104.7555
10.469326
47.342808
487.81169
16.74949
2121.8045
173.8372
0.098387587
372709.84
161.31927
2128.9029
10.358922
882.03517
-1.2430786
-1.1687252
1.7617216
5374.5189
17.545543
-1.1887161
331961.19
80229.816
-0.42699875
10412.366
821.59651
6157.8875
-0.60151372
1018.8531
2567.3839
-1.0940256
7685.5663
301.79878
-1.0160162
575.97474
274131.67
212.21701
681.29526
232.83367
4.6232206
63.437383
-0.72176525
-0.44248101
-1.1982805
5.2782191
-1.2706014
-1.2850497
888295.9
-1.2989177
14.785748
75.707657
497.71873
622.19665
378.86591
70.75063
-1.1263338
-1.1910338
-1.3125992
-1.0471954
-0.54146805
-1.1988876
-1.0706439
94.857102
993.35657
589.0463
5.350476
-1.0119133
1219.8271
18.967041
1805.1012
4733.0717
906.15368
493.45113
37003.936
-1.224125
842.51931
68.343458
1389.0928
-0.67743781
38.059789
343.12352
235477.84
1702.4676
2626.3579
0.96249135
38.76185
1831.4562
40.534642
224152.05
-1.1743014
2.5680497
-1.3381341
-1.099542
5479.7992
5655.9302
106.84479
2378.8659
22.671454
418.68433
-1.3011281
116.00657
296.98684
15.688854
-1.1666052
3172.5377
-1.2950571
83364.866
45.096643
1.6671752
-1.1467267
2915.2815
442.97367
1.2349092
3825.3379
28.50176
-1.3272309
31435.875
-1.2778897
359.887
5.6613285
33754.118
-1.2401846
1794.7206
22.40975
0.98719247
14832.028
12534.239
-1.2309623
-1.2366736
138.30932
9.9067349
746.96319
47.722043
115.29158
34.316511
-1.1549687
188.21531
237.79889
-0.10113099
411.8057
1.2439714
1636.8434
-1.1934648
-1.062751
19.753087
558.16626
1.7667174
68.658947
1703.1904
5429.2397
13.331794
2.6968626
9.0351159
-1.1989468
1288.6449
1.8826093
20.550079
3832.7233
-0.80862001
5.1738076
-0.61671598
153583.61
1426.7764
300.36777
-0.75100019
57.736373
51.710346
3.0873205
-1.1781087
-1.206942
-1.1506085
122.34175
12242.692
257.02535
362.86699
3.6243927
-1.1923767
103.387
1.6450764
44.404913
-0.35628209
-1.3656294
64.540725
901.64409
371.17821
12.112671
849.36902
-0.81878538
1271.0845
-1.2482872
3.4451088
329298.74
30589.603
-0.47691837
61172.861
-1.071697
-1.0889856
0.89529633
329.95408
-1.0841179
6717.5015
-0.99145535
-1.0138486
2662.0538
53.537092
5687.7071
133279.12
819.1854
2621.196
-1.2956157
-1.0217057
89.327411
29.426824
996.29871
1.2217586
344.95634
103.75514
139.09322
-1.2603981
-1.2025748
-0.009569307
-1.187233
98.691466
-1.3059655
-1.2200165
-1.2406223
-1.2263954
219.65267
-0.89526759
-1.051814
-1.0559765
543.04258
-1.0867521
-1.0173013
2850.5991
45781.064
154.98818
1103.3735
33091.041
169.68526
-1.0937854
-1.0543025
46.687839
532.25445
-1.1409074
2714.5198
9.7910039
293.18968
-1.2426599
37.002079
-0.79631237
7.8765692
-1.1915167
13.787679
75472.993
312.11912
-1.2216114
197.26127
541.60957
-1.3571394
294.16298
-0.44862797
47.584188
142.3009
5111.9075
-0.95160904
39.748404
3.8840821
-1.2308488
0.89332572
-1.0850146
12.674514
-1.1675302
8.2017035
13.927762
-0.48595305
-1.3194163
-0.53714239
64.178468
161.19309
-1.3091154
447.05192
-1.2176909
-1.2775204
6.3766393
4750.1279
49.61652
10.232817
514.01764
99.358292
-1.3689416
59.216008
-1.3515705
219.77073
-1.2774699
37.178872
40034.864
-1.2171949
-0.2241716
1.8140759
38552.477
766.54808
1.0904708
-1.2329183
2.606464
15739.945
388277.56
12.060779
15052.124
3148.011
343.48589
2.1489208
-1.3399281
-1.3109717
-1.047232
11006.635
2.5091049
132.09914
-1.0223294
120326.13
0.19190937
-1.288103
130.69164
66.158231
11.89981
-1.3562749
62.843482
24.386314
-1.200517
88176.873
564.63747
107185.21
322.36721
7363.4435
145.15277
28.566253
68.896448
7.0862115
47.151046
7162.0755
-1.2211655
3.9499874
16.10729
4.55343
114507.75
1994.3966
8.5210963
562.36317
7144.1294
-1.0309228
556.13088
-1.3096288
96.908697
1.2484205
-1.1176367
-1.2531304
47.869571
2.6940675
371.32407
-1.335932
-1.2473075
2472.1092
81.586625
-1.349515
-1.1775598
19445.696
17.280694
2.5342447
55574.534
958.81276
-1.2051145
1179.4973
7244.5304
-0.17862245
789.16928
270.01871
42.425888
12684.66
28140.573
564.78287
26.795586
379015.95
312.34519
130.43807
-1.0970481
-1.0787101
6696.0244
692.20003
679.60053
-1.3600822
3.0513323
34.687427
343.88285
1616.134
19.7249
137.038
4.0002604
1.2982234
-0.63633398
9.6578661
796.15854
464.47757
-1.2201459
72.329604
11.105096
7322.232
-1.2070227
108.04312
121.85504
-1.2503486
-1.2632938
13.954477
4048.2558
-0.07654278
1507.6547
5.4857753
1195.2242
-1.1848807
253.62536
4.357319
0.940226
351.11937
12.079067
3.7708399
1226.3291
85.300185
119.78711
0.029957585
2.1671313
-1.1746021
62224.177
24.285311
-1.3346031
772.4726
1.9776299
37.822997
3380.8024
215.42538
6.6094136
17.050866
742.25224
108.62023
60.888162
5.2917736
-1.2465613
12.238825
173.68444
-1.2657371
-1.2082662
-1.0731737
91.821616
19.775094
1848.1458
228.26884
-1.0121876
20442.988
-0.87073321
-1.1523819
23.247004
-1.2488243
-0.30826413
326.39489
59.521439
107.0508
-0.73599815
-0.095763342
17.575076
472.95474
-1.1063097
5628.4735
-1.3015033
-1.34587
20.375183
1429.7015
281.19281
831.9229
-1.2466685
916.2649
-1.0108533
19.231865
212.45465
1.7887034
95.093134
28.405948
14253.737
79.409289
-1.3800864
143.08664
-1.0674753
0.53737243
2995.71
-1.1869001
60.241353
-0.64927176
3.2241985
13.465193
2857.7031
28.1472
478219.16
1116.7701
15.826846
740.83821
-1.120691
22980.525
29006.833
84.374596
99.922836
0.98860145
183.97801
8.1992165
5489.4776
846.14258
-1.2058455
64635.591
4594.1973
1640.9675
22835.432
317.85155
1043.8068
-1.2204228
4909.8381
40.772841
-1.2327736
-1.3068286
372.1635
826.60945
-1.2138603
1172.6731
89.227743
45.079675
524.03937
680302.84
803.68803
409.03403
170.77829
352.44651
66.09544
16.939775
665.62264
-0.49035609
2392.5542
-1.0187443
1466.334
2.1955357
268.98934
-1.1982305
2024.3105
-0.94912909
528.99937
37.893087
-1.2038539
-1.0903532
-1.2466762
1.3342945
-1.0506436
196.21463
1033.5025
-1.3047484
311.91782
239.47531
1102.5303
131.74498
23.7861
838.51446
394.05261
61417.61
385828.54
-1.1306416
28.038802
-0.092029306
4.9323278
-1.2596137
-0.64951299
12.234517
-0.80328557
2045.5831
11.067201
-1.3760048
-0.9654632
5.1989281
244.91533
60574.513
57.914102
836601.53
-1.149539
-1.1075126
9.2993407
-0.024129446
98.011001
57.555106
-1.2939052
4141.3572
-1.055737
38978.827
-1.1466198
-1.1263493
-1.1893476
55.972527
0.54367772
3.9966229
45.62839
380.64449
565.00723
8.4185218
575.54627
5321.2704
4873.0888
777.94884
-1.3404512
317.31916
20563.265
-1.0819094
0.05215785
1115332.3
-1.1128603
-1.3715427
-0.72052081
-0.070229595
3969.6248
198.94911
292.8671
-1.0301638
97.450794
86178.227
-1.3385495
52.737907
21.75854
8.2161622
1.0611712
3719.3279
17.033213
267.59887
4060.1335
-1.3127892
-1.0560772
-0.97780714
190.43708
197.11825
333.71734
188.82461
204.56637
130.39409
5141.3994
27.979656
15749.249
2.2846598
124.57845
-1.2721138
-1.2491174
73.528742
6.5498507
423.96994
6.8487512
120.48391
3.9318651
1285.2617
417.82442
1677.5067
-0.40240564
6768.1081
14.790187
75.250835
224.23959
-1.1646026
8712.2589
-1.3029616
5478.0909
-1.2275598
6.3905977
13419.06
-1.2472092
1.0418977
-1.2916204
89.190355
11.736328
1151.9198
273861.73
105.5258
-1.0981272
-1.2300595
102.19487
46.935871
179.60176
-1.2722317
99.878359
0.74992698
21.619385
-0.07013553
-1.3085256
48.397824
348.74238
163.50802
862.21562
-1.0440091
-1.2129437
-0.71786066
516.46931
4127.7176
1653.1481
16.868649
-1.3587727
0.98397561
-1.0040836
2.5108602
383.06838
1281.3279
171.00121
1941.842
-1.264049
-1.3729225
6.3639636
62.174336
2706.4805
387.49532
309036.24
149.38504
22.301323
1954.0599
1073.9352
258.78246
-1.172396
6.5231772
-1.2124543
18.001669
7.3622385
4199.6438
5.241909
-1.2357583
-1.2993791
158.34299
18.044487
-1.0557629
185.23146
23.902904
34.033946
-1.2373813
-1.2395345
-0.9396896
762.37433
4.922284
2610.3801
-0.28894665
529.97937
-1.2078485
23819.659
-1.2104251
0.89545178
-1.2851446
142.19311
1105.3422
-1.1685494
1833.6776
5954.7877
29.358329
8614.0994
572.73093
-0.89911595
0.97419598
2557.8707
-1.1915422
90.204372
-0.15540871
120.01588
-1.3507086
-1.3220827
276.24618
0.34059606
1084.7667
7.0588212
254.17598
40.412708
0.11815825
7983.8496
38.577765
-1.3427499
-1.1015049
43.568523
37.093638
1400.6556
562071.2
18.624277
-1.1138311
2297.3608
947.07826
195.2534
7.5300764
7230.6309
-1.2239474
161.50633
-1.0554017
1777774.4
108.51539
0.17057039
1.0081843
127.55327
-0.34369476
-1.3599435
324.42635
2739.4173
-1.0074145
60.423487
22999.735
-1.3656336
-1.3695085
-1.2281479
91.812174
682.7124
-0.74196634
85.543266
1513.9986
280.70633
-1.157847
-1.2581234
10.926616
132.14809
192.99959
17.36941
87.344496
19591.659
548.44359
20.38338
8.2265683
88.186497
941.24549
40.673529
466.10367
0.92745412
1275.2088
1.1385232
0.0090534364
-1.2454056
4.6994591
-1.0013262
-1.1468028
4679.313
-0.3807231
1698.8975
65.714875
988.19892
0.38304055
2826.427
94.911728
3162.2399
528.94655
54434.181
8.742
-0.99382592
-1.1276601
81.473499
522.6298
-1.1131038
4539.2433
4.8431442
159.23432
3251.875
452.1401
-1.2146939
-1.2534635
4050.4347
-0.84918065
-1.2312154
3180.9031
-0.89809516
518.21273
24.861615
20.318689
104.71935
-1.0884272
2483.75
-1.0487107
52.524362
1604.1373
-1.3023675
-1.3370695
1790.9652
69.223791
1.3010586
1.4240009
-0.82754392
15.005226
-1.1539832
466.31744
8.0861618
22.821778
1845.9349
156.18986
-1.1981922
180.36313
25850.931
-1.2422184
35.622569
6.4957741
14224.954
141.75834
1.9342885
17.87607
103835.25
4.6741546
-1.3500856
320.36153
-1.3730622
50.540538
