18891
167463
870929
295480
856374
198225
520686
754174
555140
303628
139832
345046
901035
340659
356377
654705
297350
990082
326305
829741
179435
260159
753720
847597
216360
468738
759599
633910
700969
258480
93850
848523
931045
939014
880922
368330
113835
727424
152424
697027
802315
138004
563742
35982
618059
141372
648980
830711
396196
611872
531339
321354
921168
989793
46652
733779
312045
513982
638182
631411
720446
45788
369893
822125
587852
52297
262632
704053
491634
910377
144325
931262
750456
232134
574316
972247
267650
693319
828086
414506
723803
676663
946276
28956
62544
908621
639154
103310
524626
545590
457667
582762
988434
203433
305501
174066
889121
652053
904421
829780
414086
400360
920415
467787
879350
616104
847548
989555
521221
557825
699431
284961
670080
431321
500258
821159
991202
301401
545166
679877
857006
313237
148243
345426
720924
436236
628349
753399
879046
75679
198233
220174
940937
168034
850217
866184
119063
559746
658194
747685
343423
2690
171236
729824
677602
637583
293614
701015
606205
666402
455599
708188
51827
230571
65151
928834
59862
619930
397605
86108
554355
629425
595217
900064
200343
498982
436301
709960
208572
512050
492559
846144
25154
585573
376326
185073
926119
153783
184739
559206
257920
804105
897733
902506
565842
547130
142280
956275
524246
610086
480522
577570
667316
674997
220944
562503
401084
323528
87831
663849
694355
369876
867525
293873
767611
524483
206185
797539
602933
660924
760576
86449
847445
558428
804615
732749
643995
403290
418174
865455
593242
195098
940046
581999
251832
430353
701649
626926
388453
623431
742314
726163
65613
148872
933511
328859
60303
264980
71970
810834
556212
237014
39734
498172
26215
190908
631640
290324
699863
480328
580861
356618
146211
658931
314019
997225
506410
618299
522067
643313
4119
395798
128011
294514
195876
466873
74829
727942
997534
986598
924029
479303
86393
620320
961586
536942
100033
616444
186656
984256
489624
195335
930146
879732
464606
30205
301277
670599
10812
89219
102731
57618
954353
524332
456870
106706
329248
236646
420399
514983
820924
520015
624475
528447
234102
810537
546156
705964
54246
246628
734491
150776
831948
850246
108242
54480
133934
189157
280053
939103
915961
651208
933510
437587
745398
571118
301815
326872
749409
433367
15522
634656
452114
80389
869608
611383
125902
942282
39700
761839
845591
255148
60226
506649
619570
928561
815263
80234
475308
652623
383134
272644
23451
177668
860050
271218
87950
917717
342854
270621
967231
44694
817622
390102
441310
872043
951474
587387
68160
849870
182957
170833
768553
229071
32297
781342
914771
627522
545975
799177
132376
302985
789521
529814
541830
246155
462542
545578
108190
58813
60848
989307
119831
125295
798487
701601
459517
275183
738150
402957
718450
753367
305673
614169
91586
762287
139087
119080
139557
406197
664194
942991
623514
724058
281985
83351
583641
412381
386849
853427
275420
527828
559850
610488
885773
793034
831419
92504
834612
23120
955817
762816
429119
927121
945368
682158
47737
326625
323960
52885
828320
212969
426695
732772
354807
735328
838165
942336
896343
9497
713913
771662
846564
303401
358392
39280
661084
863644
696467
131164
281801
606121
395152
26074
384571
362374
821919
669919
579301
696233
965017
664593
438621
468711
579621
602534
195065
568788
532145
824592
994699
56039
984211
797640
834071
687485
536908
450446
144800
946762
313504
826736
729998
211308
338644
802484
171953
386556
268097
387573
237299
750908
798606
291900
989339
327396
823121
666616
198252
684066
146494
200191
265562
471141
875105
922936
44045
748240
559433
61382
57030
910885
820542
803646
589183
193589
405224
799360
263141
121446
113119
521935
769147
616596
359575
493959
393026
711938
702438
416131
744650
360070
14285
38395
703895
131620
472517
780832
321878
705699
814762
230964
511913
664008
312720
175023
63238
664979
512215
391932
458827
973474
730644
65465
470715
882683
681406
940132
604831
597542
138386
421576
240432
350771
28528
226702
527457
195990
962284
630903
497433
114332
919648
630746
192853
398923
419371
483274
692860
917988
273071
670196
245152
678395
67395
936619
231694
964843
457433
341293
524609
30568
416200
649792
791980
44235
210204
379138
392957
118432
777103
573814
487572
847383
872045
372343
27920
112316
453797
585101
687084
949837
599072
665756
869056
652565
635737
358324
887605
757285
405437
221706
278237
170024
908159
267008
932206
497161
987788
827358
13695
162586
940322
112384
80938
832337
408585
985249
311470
992156
512378
140858
185906
687948
408702
714036
457508
425974
568768
993282
71387
148065
126008
4112
183382
486986
418722
646184
956773
130124
613851
429393
213179
772256
667917
944876
50263
615815
854748
127417
592371
199625
826203
15899
949750
55743
71817
627159
678646
454329
989777
208406
430124
389397
407651
767001
851679
57325
35916
804300
958731
956115
546583
756665
317740
74567
62306
133869
131613
519672
254110
557290
149006
870508
174987
100364
571441
21161
272828
331826
68018
615537
242033
166293
452060
853192
858522
996499
38800
410176
442111
442855
287102
435328
801815
146089
467093
777501
705847
528317
652408
468519
128638
222029
676316
898063
279880
695358
247672
548633
310287
165564
640009
403206
462743
51820
81358
574434
616604
835288
951886
920034
163950
811586
734270
239456
291384
342631
564179
970469
164709
943869
337421
621443
19064
63037
214471
225965
257348
341595
619196
323429
804763
287239
205858
322757
520662
168
861013
890693
257929
64573
155806
109170
307279
643805
4239
958672
614302
775362
99889
469160
417318
792825
446063
314907
445580
380902
117204
506903
636155
989176
77593
878405
900230
193430
427709
839218
755752
573109
364918
767824
242977
694566
351831
48821
67990
998511
544185
127537
590877
866191
98110
23251
962157
716004
309700
94883
544283
721965
625852
889515
360627
297238
706187
665989
182766
507810
286884
463324
736325
836678
766742
603048
193657
788744
343394
14899
292807
327898
439582
7873
716084
242734
368675
834413
68720
394924
142680
175281
896766
839225
859842
926074
564496
174171
140169
978111
249342
661307
107435
253013
820784
356256
319752
787548
824102
837291
36292
947871
542058
141331
153021
220701
292709
688951
19753
77914
147206
708535
847976
872278
528938
822772
969049
508740
678001
902658
977095
496425
694778
347712
422062
826534
450429
172563
579702
34348
59353
474227
335129
666451
407312
320123
826133
986818
535585
139733
339410
347527
82319
434240
532984
81300
679225
694861
761455
457042
435372
428087
781390
563411
376051
990926
379824
824379
361299
526541
315776
651548
157153
855778
362134
459083
781871
816160
730714
561376
921347
259800
898923
58329
92096
552976
639178
199649
404666
374008
418374
911396
332421
734627
574605
316054
60012
136426
878895
474374
842472
61257
397925
156131
352264
348139
354327
747437
337532
343300
433912
443108
258847
138242
91885
516059
908268
96006
175774
129730
323068
43964
779983
621008
191222
554594
221618
972635
951838
821183
671787
826209
833101
273618
392848
10862
504567
963319
838719
18071
2351
360020
733795
459058
174461
21106
278718
452734
846073
832158
667426
693652
516643
714963
280630
968031
913566
391579
451600
850964
787247
374463
229442
380264
161229
190940
609825
896131
200936
375296
506403
825375
855935
930243
284813
461573
697166
826416
236850
619158
427920
53845
699614
758388
295483
304007
112461
300360
575634
539464
176065
787235
682221
835400
618713
323861
584069
213912
4925
985106
413709
259220
711533
373567
943124
679149
150608
283864
207399
25036
375607
356852
604724
810258
929045
437426
665769
365812
136331
695581
217479
866866
525552
287919
136612
39213
517508
767329
269039
72189
927777
899306
114054
995373
180436
815960
275924
286393
151702
514615
971459
811753
403797
929333
618565
347373
145398
90601
767186
696023
958879
466875
604416
207472
999215
758883
813047
940990
17066
192679
923395
193335
410295
966723
730948
844038
314425
575520
149663
679822
430694
538096
505243
760875
213596
824276
698989
415280
352514
167735
871344
500371
212894
981629
582830
644760
310841
123915
679805
674959
735373
695337
91307
317808
633701
957314
262585
97704
690546
557291
314480
438754
68186
374820
327975
56637
692160
558966
251454
218019
185580
134335
168796
402494
191651
93544
720763
83876
223570
533272
245740
208679
271073
154268
697271
349473
643132
548697
100167
717294
351605
314398
849213
118337
902370
266162
443204
693351
831803
93774
35191
639185
316697
642186
870637
69831
96061
186108
932340
875574
985261
905427
198748
29469
243037
830057
844763
92281
546131
796815
102169
132501
474568
189797
248197
160718
265246
224950
542319
685855
429590
530792
681023
464557
934609
552567
322602
599295
149949
947756
673145
344838
377766
919530
847532
993145
254793
579916
700693
41642
484139
190171
571984
32836
50631
263544
604180
358277
97445
698023
82398
477040
628024
124043
888263
302758
11057
773212
567355
770403
161915
576770
446263
453135
906220
715119
634488
969413
12716
531226
303860
533472
832871
931356
87838
588187
450124
27278
415152
37881
186499
526888
757423
285542
907275
897827
966779
887573
450464
72164
912271
696611
992652
445669
747381
364141
618979
891490
409956
180107
233089
373085
418783
518351
948070
954034
24839
327715
987724
680113
698228
263936
369345
829509
41285
586104
889442
543843
779786
653528
709227
212108
225937
916076
687109
324623
232956
854579
202287
600570
133269
80186
708719
703125
405727
429227
700605
941985
937986
860676
410473
501970
360529
327980
927712
523137
105626
587557
595298
192334
609612
829218
5451
810372
954444
53497
746177
553606
925009
533656
265556
273890
401231
70982
709146
582134
395412
383154
177747
154539
350160
141667
263382
597878
321075
553905
96143
379048
396966
133299
803125
234196
210527
516125
299465
664887
680413
99901
950809
62149
968880
68912
372012
178598
184894
885510
507507
820742
682806
972321
744559
3979
8367
876294
500409
503550
895827
913756
608033
465410
243504
683662
301140
105653
416133
211949
453516
574665
877024
815892
71249
192912
792819
982785
34705
425039
387602
535552
306160
192709
64496
344124
199750
480005
947138
518241
528218
856268
959313
719771
103042
124694
226509
861827
222496
585822
66867
221825
358034
81803
528055
618437
944633
510678
14528
171600
830802
706225
446395
243558
930666
778289
156791
719910
408140
160972
678793
757421
572169
639294
733616
553494
607663
968941
14756
718310
196514
265669
955497
346017
154250
501839
931212
35928
611700
918413
370442
717461
905139
643873
211155
24226
724340
215372
893503
174724
882989
858461
447289
893446
347418
150129
382686
354253
127957
198910
930007
958913
827287
283365
299205
828416
209287
211874
465409
634860
796820
914882
77280
726253
97113
337385
660053
613836
894110
466389
549987
831595
220990
590558
803371
275075
141148
324122
561931
148830
919884
212682
491630
717427
518266
805595
761985
91360
814022
212146
889183
439133
3181
200844
404785
479686
454304
179592
613117
88786
105324
888076
595523
739824
841471
288983
221349
820996
786792
702808
877822
895617
302444
573240
954812
833475
661800
363535
237828
862549
285701
337834
498857
832886
831096
344546
561887
613883
67949
252709
901429
245354
819427
988247
421930
564559
287288
775108
360830
628348
908983
398275
256420
776046
256969
342771
672017
659419
380993
954879
968123
563944
285579
493534
831933
414646
689091
232380
79562
510266
718798
216451
17128
439376
602582
74207
538064
692342
492126
819854
394877
607628
807833
873672
373627
192774
963610
104029
283051
893458
288990
929518
470802
308295
532473
776008
251284
852149
88162
628872
712895
389277
881200
612882
850102
61836
695718
639221
693850
171841
455448
801093
300394
897492
350019
170259
480851
936683
441982
866240
988828
73480
118055
992988
828071
227747
179398
556374
197527
124291
59275
736839
315835
720031
571914
808285
665020
902821
924578
68583
224194
460735
614464
527401
316448
639246
52045
469976
277806
775047
822599
312438
759523
212291
61706
908972
263053
534561
62843
389384
389946
298070
345711
143568
327898
742732
995418
706293
667569
435333
900788
237904
916248
703722
781513
767623
459215
20332
976580
905749
556300
167249
229543
567596
761978
790153
661598
383070
267468
596183
559768
825119
989549
999291
8769
956053
400644
566513
77079
279913
988842
276290
480099
214229
713388
121592
298298
702689
108025
545479
940905
496888
250891
643953
416411
974632
739311
249452
420734
122590
207930
485742
66786
260282
53001
51806
502606
85816
54779
534552
22166
215542
551370
213396
845378
205899
667372
816788
846195
211371
487219
308818
85390
709787
894470
603107
393291
334787
954160
435400
447518
594815
312809
517762
963175
621327
460391
601868
511153
244637
837961
880281
380426
780849
341537
55793
255843
454976
245422
56821
775643
507419
54179
442932
264024
23113
98004
160592
318857
969299
36689
273766
715496
822329
591666
830252
404124
901598
855004
309414
348983
805455
813436
18653
89541
702099
525054
216470
357501
382905
563674
574551
599123
314603
580545
118984
190192
544035
308800
209061
783188
40725
724066
669163
803124
554152
710902
152935
61466
627100
749253
883559
382732
445049
956497
747149
889747
863076
946913
918553
728826
59635
417319
244447
674611
878120
199505
852049
97974
989412
117079
318581
287782
175618
480349
14405
995572
932156
124514
272019
51061
696970
704342
197609
450791
860092
793014
215040
392985
922281
750992
525106
359764
938172
659713
699084
474624
312677
625698
47183
873972
546031
786530
158080
297705
885231
620075
514142
473353
746448
477330
947719
89981
110582
218650
873950
347822
333726
298348
595024
811934
619813
496157
24166
292043
474076
434300
124132
253130
627321
412915
154964
507608
283266
60666
749804
990026
231611
954826
817560
108512
482906
631706
434719
135648
79027
162148
172515
22541
431170
492675
375992
561528
874319
626750
629730
182468
374340
322412
328465
550377
193659
908486
495031
77044
513138
229708
258606
861249
426457
88626
640882
832705
444724
242376
922040
854711
126105
826282
424586
819076
215800
290261
921301
854079
219965
645014
890437
597887
442733
336709
470902
544552
938835
86171
368382
843967
466418
876088
2599
499177
239169
426380
817639
525473
657448
62026
200595
870479
560927
101187
884455
716714
289284
628935
636273
268794
4171
610313
147694
888299
910179
152099
752
15838
268838
177397
183794
114139
729909
633532
514688
873826
259884
34130
422302
295052
203585
699544
944996
362214
716068
972277
828192
489213
561650
510410
406864
152683
261003
792897
160483
254921
69075
141159
665638
421939
471280
929425
47088
924892
131479
527811
481268
279539
77891
43562
956574
155572
538977
68109
58505
546074
351657
234660
931888
348997
47474
580082
452431
875770
139888
586733
492777
932576
298550
472848
903587
45849
286770
721119
636850
616816
730834
171429
779899
301174
806820
663022
698209
307392
51871
538273
204402
418355
314647
431501
544798
628926
952737
899
655453
180468
290600
373001
151255
750413
710207
527514
32324
520280
248751
653896
372634
360202
666154
283189
948413
584959
4300
558440
576735
840402
156900
329051
808292
992162
527596
756498
978187
589280
373261
325619
342267
981629
655069
464700
660556
283813
876233
12365
395158
369709
179945
856657
952082
499154
163655
231130
541030
166019
929475
843531
64400
512344
869124
818004
30961
568270
948543
220055
849426
911592
457057
768836
37373
518222
734383
933934
405195
507726
976832
620146
766422
546082
125683
896143
663479
332656
518594
227831
135124
331873
971592
408912
861881
358694
89396
775538
143166
815858
119656
636017
65022
741818
243600
8436
442137
775723
591800
142090
190319
343926
733352
311381
319365
394110
481029
140504
733568
47084
494468
348335
397546
318186
134037
407468
796989
285150
938277
371865
101068
418925
151579
986205
69453
91158
626458
799121
184774
919707
860971
215784
915939
781231
83450
43300
855619
52360
669388
726301
767616
281434
608389
64559
218154
469750
565264
654405
341469
250667
170125
975174
443356
98328
350392
795479
977776
866898
59709
85457
333066
232188
179190
652738
978096
333954
412350
292370
83049
172217
759966
489447
7857
452487
813981
284994
328277
159842
1075
783868
536268
552032
665564
533568
96686
429556
523831
986265
537122
703742
82204
75816
238338
747126
899716
786982
533969
23593
107505
526413
990045
835333
435346
345372
944720
31159
868267
526549
567941
120496
403484
80900
312098
482877
328053
700954
8017
222339
459567
103524
934062
413713
545845
997871
646533
258506
169226
51560
773564
974419
275664
216977
983767
185603
797055
714628
992235
887766
705792
774535
824435
798778
244835
980743
903098
86975
462491
371599
935894
910972
420071
850441
51869
698677
923589
892887
948192
448973
867773
66712
768506
417660
662925
745016
466494
458226
541268
585941
791386
898692
621166
406262
168763
778365
974793
282368
926175
173811
782818
561355
522501
800081
667658
991281
550981
396183
791015
738953
757816
862328
302295
67336
233808
478280
577326
255226
630099
717668
741914
297473
859766
429769
659170
740309
195265
419877
114834
653212
647854
875053
57824
846354
9650
722339
399352
870557
719538
703206
869013
164187
500426
708353
665412
803134
263413
246395
618702
218837
81480
611586
890757
122271
554671
168837
88447
725589
702465
219716
7596
6767
933394
28277
457784
343185
768738
722973
942033
589468
32585
461138
817128
898395
414133
114098
840534
886956
351354
345023
930749
857438
485301
657321
95956
243225
773056
526601
478606
391921
859906
939049
769009
598241
991402
206523
954038
372328
420504
47518
659530
742627
296197
943551
188294
593841
836682
331135
354528
659310
896523
686149
629643
326539
857956
306823
781002
814512
295864
182905
823712
696728
114963
546042
708409
131588
18018
726743
387172
642711
688898
533890
75900
623117
649362
561068
482781
321448
751753
921397
368687
755387
959463
999276
352276
747807
638313
89844
307402
264068
384823
530542
516619
537409
330357
256373
917198
120201
592800
827285
309900
955287
167989
785525
987619
509229
16682
59555
877659
553561
915454
744273
644645
221118
941378
628544
305330
452884
677076
34439
79198
323643
760329
811551
998581
983200
928415
914533
242702
717241
72787
296578
758756
879617
214199
341110
620649
309303
853270
48610
113203
525275
425432
695151
256595
185635
322199
409025
216683
2145
756556
57952
896853
482738
622842
283986
497237
646872
856704
344663
932753
319119
192786
270479
148841
633741
525908
787324
541127
24972
476091
922801
219971
723522
813099
275731
452209
217190
520206
750940
414723
151289
657502
811486
604460
895947
679355
533042
241311
535531
45308
238592
357620
789985
214737
514884
612075
521452
580794
877868
845607
8548
135994
712803
284572
719266
870147
433204
394107
196723
372929
784493
824336
501203
258051
454143
927826
13075
576627
319903
809398
292551
103735
726906
582732
755066
801105
667742
426176
44455
20305
329668
494682
42138
76892
965654
533010
32174
153283
812032
280515
261331
856048
374524
910627
227176
187610
904063
387053
955727
70221
430820
218774
622013
361553
875660
158227
847696
102208
75052
545746
794399
93075
369668
372648
80121
292640
561183
147139
642234
891009
685996
663933
811424
664381
717756
298504
44425
616785
373266
588179
13092
19672
164428
279273
921254
110986
721963
280520
29723
719291
504541
619906
928650
221000
512381
656310
613918
665846
133164
422747
426507
535099
173906
64403
504418
804768
305126
926267
941864
285570
894637
170083
29211
957585
417326
719886
454756
181503
846690
964739
342852
509541
523269
614034
497566
615951
326624
311728
216749
647721
275779
365819
93732
877885
530885
334663
644398
573464
201773
202027
206909
149263
122049
382661
870262
849957
238303
340139
263188
309466
137792
237206
352410
607000
63700
830047
670985
219454
856804
717145
63579
148608
858473
567174
519411
729235
812384
58828
71575
358509
57915
176329
209192
5735
748974
129959
860530
989846
464843
233285
809225
19172
53744
271458
238568
952905
190502
995801
542956
450355
332593
49114
497025
671407
196801
448480
180185
156462
437244
433433
945347
795752
50628
921007
929523
667668
831093
621025
872720
855796
963390
365762
615986
781621
128984
23094
895637
159164
964239
560002
522291
108505
745548
796772
144347
749131
934271
284371
979166
85022
573002
285835
739785
469931
752909
974991
116162
347865
477568
40745
229057
286221
171340
985520
436771
684672
148154
108819
560253
489704
730242
356406
363121
818908
254670
97974
781700
568564
138880
149360
937071
413986
782488
158307
764640
845626
639428
599550
112318
832182
901867
864591
763455
431089
824330
598203
611137
523718
696232
838228
233054
33609
772812
603644
887040
948393
284442
493286
756893
225920
26139
237453
824480
469183
340964
438552
232081
321693
299314
152174
103826
118781
593501
960236
441001
401199
928166
766202
249065
950903
938862
266494
803496
971981
614422
665319
328475
615422
778321
188873
499554
774011
894875
607747
86846
594613
634252
868036
519519
304704
454915
675845
660680
83724
496689
993841
67913
693017
909868
824139
157220
632045
414919
458303
194004
340359
366744
284288
214215
510858
208467
287011
78378
851461
981652
218131
286781
927752
41693
837795
898836
659028
202361
898689
274170
507715
304078
694768
50559
892703
723349
100256
938738
50541
826965
778454
891145
684823
13296
719864
461471
890444
755788
514165
756079
681774
788233
126823
193902
485292
156912
64433
167287
284340
268199
688879
49166
990469
213324
533154
289865
538901
285423
870933
831937
257828
393430
885256
577615
472635
622895
846222
341849
503813
689750
671059
486614
351831
668020
978741
862818
258391
958347
494055
283153
994619
548810
172720
819409
562700
723699
717702
795092
888825
629913
3855
172845
400726
109969
840118
822916
203185
64079
243622
490227
118011
256882
801542
220719
545463
978468
297793
428018
271206
479039
161491
239514
450455
797072
514753
426440
235556
693026
561705
339439
998422
55420
730520
490173
524365
315818
474797
22260
342296
5835
201273
87387
63580
801617
101702
621920
135268
689498
103704
358622
435985
459884
582582
396430
839909
726334
97544
667007
648200
921471
713815
867222
65626
330525
651984
990494
766871
457091
860113
104549
526805
250507
378727
894655
168443
174593
865313
452794
689855
188520
967275
394268
200013
349762
887762
904782
524536
278875
182727
444179
115213
227762
589891
842548
163872
30495
898733
986977
938895
731587
845944
287529
432444
780968
642290
536873
308752
617806
925515
502230
533298
531164
812508
47150
495710
293185
518887
813111
266113
336534
51626
200316
482381
948086
17796
290379
473748
879724
127385
158491
816936
652775
318024
442226
645488
459381
611005
684104
4819
557976
964673
489110
376835
182577
125466
773167
631125
687741
231310
506448
254485
898978
409266
426791
932981
973363
653668
622108
294844
566806
471558
438043
964189
685153
173515
361491
486322
280639
57881
95540
800974
611681
82017
557099
388007
798713
720429
776739
248168
70754
948511
350136
329673
819221
19655
37143
161245
61698
116438
892698
898931
689351
827975
686079
522625
532247
66925
301141
224000
176091
30307
284698
568531
742079
254369
828139
530214
64017
71614
780395
511534
346072
749605
467107
869097
351254
656929
476029
44105
704436
497373
495727
452784
509316
584830
95501
917097
400728
846919
748247
974485
204725
399272
668904
716194
587203
842086
9383
220665
746425
520469
990030
914581
335431
254631
391098
227826
962480
997450
101257
359428
982400
157428
627074
51810
879675
749160
210703
472280
566778
404606
272949
416188
702633
781184
493851
491677
468651
809632
964303
971133
344763
873227
918968
141438
630439
763067
709258
301881
505508
452756
753309
72863
591547
89818
749896
856964
449894
206018
902146
57292
781553
705110
156241
670971
180374
200674
22623
105565
180058
99355
450060
273255
520513
198799
483154
153575
856275
758244
674565
115052
180035
728942
397815
784926
944053
165052
458633
571993
628648
20556
771791
755801
194555
398834
872045
900913
490625
206817
662450
109449
19373
742821
247558
48952
318225
592513
171765
403771
806518
185884
891772
266571
504241
352969
64471
72578
812421
959847
813299
347667
442188
561056
277499
134286
362140
314341
469560
596697
250326
663733
379737
227855
24705
533850
869790
894674
182249
582118
89
938691
979823
559203
359684
179786
846936
415845
623698
846913
93522
542583
888277
69473
630769
3355
308038
812613
643882
572572
729488
324581
399147
604677
648979
91951
946089
532639
230629
675043
864091
389083
422257
209836
656280
698873
427246
888855
583888
76038
58348
876206
239364
930710
627593
732578
757060
292395
447714
183841
997271
82074
590045
131766
680713
911113
131422
43445
40250
440970
387673
725400
230617
331185
588332
137468
582369
396375
255789
246901
911254
488789
451550
784487
346012
845398
928713
739554
114194
123402
483711
275743
726950
803750
700883
391410
480084
283931
788838
636083
840216
40164
356306
292080
87293
878019
339490
125973
422496
848910
717322
48441
832066
343390
975375
850284
818772
698114
92540
24621
76399
98282
434042
539712
447176
688794
669281
364162
419109
182573
700265
806984
819878
868260
511322
710312
883865
236149
213008
676460
531438
214198
419865
51384
795125
703083
707791
780955
795695
582560
834321
557850
115251
570807
73170
33809
279852
822526
196250
664122
176250
770066
447986
193502
6468
664002
579852
387842
301367
762134
325745
998521
755985
716800
512110
599762
340071
95552
699716
442423
536700
458309
387910
627160
371348
976739
987033
490828
486126
17196
828314
849763
586597
669377
788841
970128
519956
749510
55853
268067
580334
515210
217018
255044
139157
36064
304624
366161
498261
138915
546930
883783
541291
431415
230633
983409
294178
679396
242535
378033
460609
398173
829293
613431
406341
650078
229292
339264
339555
52555
53884
711240
812966
824761
696560
102776
274055
457926
660702
425087
213352
870536
254406
973180
522511
172703
311491
810924
273644
643094
857167
21483
37863
609173
647702
295296
569984
496313
262440
516181
715355
881119
947450
711267
786381
857070
917910
19901
780158
459375
845951
477339
422212
16966
793003
650284
102335
144525
907890
973410
201131
792355
339790
843397
94793
914894
370076
360672
322535
177489
90939
129770
88104
301881
137900
991437
426571
539743
839778
163607
16237
714754
583462
883317
311385
742628
320610
118118
993020
317135
224571
467766
744248
427287
237989
463650
926717
602787
121563
281485
877393
434886
695792
761403
908113
249455
686408
362315
894355
127548
949786
319752
427440
342897
303482
124287
94657
906017
314270
308861
768964
355344
517986
139347
556220
512744
143073
523630
982768
782348
461565
8439
348298
761890
406691
842285
575517
907003
316767
418427
336165
21837
474526
193884
443235
937287
284093
911351
162635
761130
258264
138391
307629
789507
945158
894832
322179
318242
947090
724903
323022
191022
102523
798573
675069
6176
831213
526772
773501
599197
555347
922969
993371
797691
550424
956991
400805
17455
106204
720341
141507
984724
28530
822118
83739
468126
784136
214451
10672
401982
896639
176009
683727
925386
575746
265053
172076
848856
595244
528742
448483
532215
294927
320215
278457
675148
347121
583641
380866
529687
710107
367478
111132
815646
420278
596470
734357
625901
890308
548930
656658
6194
990716
67614
41049
56894
705118
683004
515174
685024
678542
304887
41460
611814
399495
764957
473222
274250
713535
578073
858518
203026
66469
54854
82688
615194
125822
887316
345364
350935
597755
146228
480976
539447
48828
362042
575371
129718
36963
139962
286168
100168
901006
504690
270274
709455
194915
795728
439517
77785
187188
42390
79232
207685
619287
808278
772761
269222
776765
482230
99018
728860
601107
247691
39060
73325
811660
866553
476415
738790
833387
602483
800167
572643
93466
676865
726538
80712
127585
276228
795574
543060
882573
551656
810830
189924
339300
438071
700984
238596
771668
562898
154187
165696
931515
892241
289968
519065
638476
809479
143523
731969
439894
754921
960945
112335
258294
63233
169751
356229
114594
242353
620446
282905
358066
906856
62873
293556
213660
790635
572606
427845
104954
511405
750113
906168
332138
744947
555889
983544
152280
390654
681948
385270
52229
179201
779052
695432
728833
575388
691669
63766
366228
977422
734219
753734
252547
67756
440761
317732
373791
797219
21150
321980
144738
636681
793234
524094
797828
583616
497080
74042
575864
240400
896288
40038
571920
771992
912279
4272
700893
644798
488359
526929
381980
606707
37460
944074
857823
643899
613849
872608
419636
296607
452661
972160
181787
92505
602379
308029
376129
871079
12514
830594
497456
913648
410660
864449
21023
635833
628588
383488
670386
749369
769121
995396
507378
713692
764321
69399
534607
753124
615827
694721
481802
498016
741651
783283
335216
564543
837487
408255
398098
430099
5455
208618
940152
364939
533817
272005
877326
935941
880613
99120
607924
670260
66567
415664
836583
23469
800284
331019
207813
394328
487844
183613
816836
17118
409374
996280
487010
77837
532360
118998
479296
111286
122722
426020
99061
833295
347322
411281
752007
100418
72201
276330
528188
104297
582534
701140
144856
275120
664355
91815
302494
43820
411347
783042
644326
783242
994949
234930
730881
253489
846198
81488
654083
745330
102192
766561
756974
178366
728494
150426
793600
679431
459649
975569
907360
487166
966248
752806
664519
929479
176936
103158
116768
164240
693763
784192
541608
933312
408542
604427
489756
750311
143211
17556
678178
746337
537531
787481
736356
496935
566618
692100
159047
625623
884576
77306
698243
542327
330814
90525
899038
867917
677275
71021
175261
989963
373570
530666
862311
662145
184795
95503
102347
202647
685639
694377
324198
274421
503788
964914
218668
655399
286485
872782
994038
558078
6779
489069
533475
905132
585084
185358
164078
285086
683595
905050
181909
696417
854875
517931
409734
562255
845721
94497
281461
548418
470767
485753
825911
942006
476253
513042
369187
928988
493349
856407
375904
393748
648374
467476
48972
345846
500667
767214
346719
788242
332919
590448
257707
269454
863067
6336
327803
984462
151527
368810
455746
150769
729994
654242
715582
47411
465807
75470
119826
51244
366149
971617
791973
716298
562551
986324
482294
349387
618714
214691
518625
326008
865219
848019
839336
687480
510731
167895
646570
372665
639609
156566
518708
663154
393092
538952
469547
94103
11437
196623
262285
240032
241537
906228
477815
417041
450744
889948
34484
398656
858746
838813
713654
838119
386673
442888
24857
317385
774855
425913
63461
420219
712513
273868
740396
817172
63728
514950
859547
611497
418862
304610
680141
49579
808474
40373
705955
981767
884083
633062
238834
832933
782968
846372
323002
64926
179693
143849
362344
285735
173771
147690
685953
329486
431039
726429
883709
890869
11140
548683
525926
955777
629964
650035
783888
600666
915757
835183
738963
241499
796528
396980
111564
778209
463226
786815
761049
902093
644803
801982
276356
396487
692467
716192
862640
836021
791085
239674
252721
87782
289123
415859
884420
708107
736863
688192
58718
566268
879835
642141
155225
772172
849923
869128
130273
659833
716636
144978
198115
278414
682474
949157
473404
64121
568535
803441
891704
812788
996202
452286
248871
234500
437122
119512
648473
803515
645940
291981
153219
596333
931878
304968
91386
522315
818899
433613
487404
437277
901473
668536
632965
89983
422387
878535
787169
306752
679106
591631
354579
840703
922338
729833
192479
592664
493553
762775
339902
398623
597335
553465
281948
406983
236182
964309
353592
2074
245872
586721
591400
243331
796534
660086
982885
943940
175137
472301
726551
31487
320800
642976
412494
277497
22718
37809
572418
944939
101308
972446
572131
575378
487152
315830
698530
80450
686328
117850
12361
571129
657880
989749
173716
151780
608311
983781
295167
695649
162086
79232
664625
943513
282253
50896
534929
689758
840543
350852
417366
629919
636265
323637
826012
49376
763561
335038
646139
855690
56051
49267
810510
222253
841448
475077
530312
500329
256966
719752
780278
681864
607619
76722
195233
80963
430470
896400
180095
372147
450055
688651
25018
431194
510090
302078
595947
505249
47344
913519
684689
989208
464703
973490
369131
128425
885687
109165
69725
641741
951815
745756
464455
4204
23891
586835
814658
121376
131638
302084
809964
692901
99292
376560
383860
913274
482099
713093
461187
623578
702431
906327
106509
649139
745051
522638
216080
857544
675780
898131
552293
852272
324310
732937
543608
655248
957767
595610
617677
896504
714094
391302
878536
529263
387786
618056
508922
942378
643791
203989
838032
157693
207512
284177
827964
828704
659855
245239
637706
546799
375918
675627
470999
51500
813610
144017
624958
620552
568683
256552
598521
382211
633267
987117
548621
504100
186864
955988
834610
801201
493235
609913
654160
341607
191160
262615
974999
982033
471391
278633
804508
519809
785271
321152
909985
746929
315078
981730
222397
866885
188424
206720
510825
904969
729495
622093
395683
582935
447401
261939
546694
921556
56506
151216
590441
62811
506925
431685
409921
599792
350943
493251
558550
928148
557528
917073
178083
992163
298772
825366
967501
165619
830589
317523
629275
233447
284712
880437
898120
808474
146501
912500
274786
472302
316108
737412
533787
333304
651598
950874
110003
960010
853840
475810
110967
926648
434105
804875
192177
65533
433938
414714
659677
203394
326400
15660
59470
341181
20541
911074
750371
658532
516030
222625
394971
307330
314185
58130
750544
755469
179743
41653
557681
785285
409255
831329
137685
111388
912944
942724
843168
695998
760283
409269
23177
604314
971918
602460
377422
238736
968708
212343
192282
994555
432642
424281
550606
371681
290794
439924
526779
180236
269439
654825
4803
425280
902546
506676
983337
64715
585325
567646
840009
481307
900656
916699
717870
646593
308090
684610
642465
927351
780243
798089
490827
584647
229876
313726
376599
866514
627717
225615
876051
164499
460660
758767
50589
980668
486126
204532
551700
963379
732762
400251
207461
823644
339808
795026
72358
780863
912871
80552
382693
676654
326175
726751
864585
905526
643123
36713
634099
915642
533705
110585
134392
482418
543426
753845
936935
977283
534621
66654
771229
24402
587178
740685
64901
592029
624068
165306
934530
716224
133473
191515
980521
883699
510539
42089
821101
119411
308187
23482
795206
30466
327543
403901
688759
7038
162429
356776
914921
752876
908827
266545
911067
838156
620693
585853
279299
765142
479755
472442
581264
957473
780302
278684
466475
264505
151152
966417
872087
940627
832087
516438
564335
79094
974769
139705
377207
240432
529970
800528
890380
612160
68443
272039
686599
266922
122144
950784
740673
660308
140785
291178
108150
895349
340743
929875
587892
29521
457644
393153
773519
840472
49010
821205
441660
494469
230598
974256
796965
556539
353066
727624
951476
209066
711968
909187
573904
929900
26516
514299
31718
205600
665003
172061
701994
971910
36451
167431
628974
773903
830432
701230
289532
420933
685882
602298
94242
904952
451821
292739
759118
179383
73689
175039
318821
443895
324413
917572
222118
992707
394328
874652
193999
475485
797499
837038
717063
783793
936078
281372
582980
284352
729043
283459
398980
395929
849316
964372
45074
279417
715682
488474
233712
480855
675760
576148
541569
133231
126422
808655
9969
566858
225288
948882
340141
929305
530418
884345
128240
265505
6346
732510
920878
852740
394601
542884
427062
305431
399808
522121
971094
814193
908199
309169
988944
314793
807821
735304
820175
962993
337398
115279
866885
492652
395801
429644
571177
520325
159988
793472
438756
970283
718156
938016
400806
515885
378897
502032
238689
927659
785306
871670
774323
810891
791727
704697
321669
184988
616119
948834
919009
744380
845551
622462
462556
371243
41311
788751
226641
515863
316977
519073
770542
831448
103992
414268
528004
241561
431302
16116
159607
939939
662259
866919
830220
957005
832596
108442
234043
99514
29379
894585
922549
269923
128496
108458
642520
201357
614548
381839
219148
28965
127531
113634
62643
777165
120520
636893
359305
780159
366410
260306
181557
220220
836578
873078
807470
896835
704406
919341
65395
951543
107753
646802
547301
919455
953138
494834
315955
24704
822367
804070
263164
227713
643206
809317
150431
280524
295942
942467
885765
276395
99615
255361
615715
750282
583527
681114
551055
338951
8927
973967
915917
785119
897388
957139
23181
950700
969392
253301
442782
884326
221866
648096
175085
766374
841716
757955
468427
28859
647441
468878
38841
516011
410158
846687
66716
134341
897895
106521
282365
969981
500368
110888
560297
579361
980584
721213
866211
510105
232448
220578
784619
858680
552621
719710
185822
389169
455218
957441
299649
687675
701113
118468
746100
987003
281166
461437
324962
971441
164295
930812
108675
616252
636916
70356
982398
994561
244359
9273
240509
368790
944257
110628
998002
272606
503329
540608
815293
407163
292287
945624
696547
765315
495808
912423
703753
81211
400683
927687
755245
575799
91354
518862
92770
679444
277906
193290
950985
774420
845585
902736
880003
778412
111365
168763
76744
157495
895999
644216
884389
72759
56780
976238
35329
859505
265328
901026
338181
857405
606594
15555
828144
503390
912139
206519
284638
862932
324150
678072
855487
203135
451266
918228
513766
786301
110967
875066
15231
609480
261606
521799
473081
7004
54239
211769
110951
566879
753604
538414
903139
246441
428279
531030
225532
422896
985860
718188
883427
564069
228012
543321
664700
836811
64187
853039
324146
54920
557342
618913
296300
449044
270854
818957
218201
18933
232855
841196
107902
218287
147394
432457
395213
643715
940551
54997
118639
344501
976905
137088
926215
752999
498707
529864
893388
443020
765352
780375
288570
614413
621339
482640
908545
226225
831274
150158
84485
604631
262647
551286
104176
571922
399236
841953
437181
540721
404626
709836
148677
686583
812397
787122
341110
787019
763399
288660
167846
584094
93877
240456
987875
572266
957565
937499
972777
511219
896662
254318
258867
568118
796861
52425
493810
396230
978400
166093
461120
564757
576374
128792
463354
220565
778189
553957
788402
160246
653695
402774
193090
600098
441581
745653
531048
172893
25817
441500
554797
234386
811342
945758
683818
720229
524868
922044
821480
605673
554398
553924
437753
964238
588960
418404
76516
736685
661943
207425
700027
241352
590204
823995
324129
914901
110267
439745
117933
594877
989539
323639
497980
455596
728990
514776
285016
364466
533007
440893
897923
404876
233710
211892
44700
211714
858803
317867
713264
472219
251791
330014
334685
693280
330298
566645
564326
186088
662935
504837
545155
136237
868174
9591
202746
654076
458695
449410
6737
299633
145008
547819
643096
821365
36823
33968
446283
414814
823587
791966
421625
136872
849592
936234
386123
33795
332762
146814
1332
228525
981793
771758
652541
76266
672400
450621
611761
652477
264873
444730
790746
474171
267294
104252
549587
175119
361861
81246
289316
429153
635595
819323
863374
109845
34201
511256
815832
331227
437062
170062
680700
302984
816639
31866
864912
111083
257303
277497
763177
999044
815493
470265
598684
660013
50632
440619
266903
949654
187747
741325
827430
810423
490699
417252
800024
744206
235160
494709
3917
5321
523003
891594
208150
206757
295601
26253
703942
71026
354232
112872
704211
427051
818939
782854
463448
281866
88997
86433
408238
406290
245587
647367
198218
535162
202047
17381
778643
757446
557260
727573
767766
747626
164666
707258
599001
768870
865504
583697
592635
452622
413795
467707
611114
925865
31202
448889
760311
505909
591975
621471
187719
632073
807180
647117
973551
431280
616698
818208
53278
576480
500231
12152
569125
426326
356578
298655
334444
67642
933456
163504
192546
441743
56594
752945
546023
233242
555039
521765
366198
704219
834862
845875
48574
748900
84796
420235
796688
221962
908863
958715
242137
712031
715082
356390
720672
892854
431978
203303
692086
312596
852934
403149
387564
818161
964077
122843
174354
49832
592137
521183
23003
119068
409474
489051
935131
781318
322404
660913
280813
855663
440303
530682
356949
841226
128768
818255
262202
90474
151222
378120
537386
828332
699673
865014
321346
783290
819753
462235
482508
418315
103771
187668
581801
21150
703539
436578
779797
911939
698571
493743
180383
30424
316140
652671
707150
106191
657303
484766
469399
155842
173395
15035
246124
526670
997323
689997
849030
225472
811782
127191
905978
302275
829234
457959
27094
183934
643328
709777
704992
9995
218869
788508
355415
17966
844825
333981
660325
523523
446804
57399
348698
225004
820389
530926
15325
550770
320635
736826
525127
632404
689893
301264
289360
995771
839282
542683
617656
291816
646860
908128
344751
641421
712232
243040
388341
180010
581828
385426
562248
695178
642280
629577
965771
167680
619078
458654
788673
677298
752804
307507
794370
308673
436087
185369
972915
898639
996569
703647
14570
593517
604791
995216
811035
737740
469688
804918
780812
730602
824498
827220
597955
627010
49191
462193
502236
851859
547009
789093
422813
60164
906018
78724
787941
816912
156278
525979
785486
412224
205932
342309
689042
693409
165793
899664
681155
654718
835482
613524
626661
241897
464646
971550
650233
34033
110595
775742
524176
1477
453058
680127
847825
404175
963663
415497
168457
781471
813719
54432
679444
931792
338330
636227
719256
729149
317501
871670
753697
481379
457954
265942
809497
796705
192990
785912
156011
830281
397754
866400
276377
985078
206335
92208
762317
854314
26408
826787
172734
945963
263704
891968
934101
113358
12776
543442
360641
775569
448074
432330
691435
959213
516671
460954
802835
622974
223987
845379
178050
108269
837684
290627
755382
693811
248433
135327
828243
946407
745021
777677
916393
335101
248148
286118
591601
27606
108580
125972
616629
707950
362030
191888
349666
299133
210986
549438
12958
26291
822475
278856
417315
382645
734885
743295
424579
601742
668421
928475
639280
981395
304903
19340
191781
975945
954859
839938
368667
967209
587050
63927
987526
418508
781413
981460
765816
838082
218953
37151
640047
340739
403897
21640
620534
914668
960075
868327
51841
838671
756813
787432
73172
78080
724011
360181
32697
989379
680855
515031
576677
886953
726260
913876
495986
804923
41723
81351
580608
283777
845627
211384
11792
660886
993550
304555
666167
644863
588043
393191
791293
583787
811966
305831
3254
31153
305148
723810
199556
664014
196305
905215
979945
25113
175833
867698
690836
747473
515259
310320
957482
362166
776021
375230
636783
634827
919621
668145
11144
75347
312364
867910
235875
625671
142721
801940
33555
217891
421596
978936
923080
490070
643466
33428
575348
639473
80984
765685
442366
751512
696452
341603
595852
871182
31386
568087
442517
235281
17369
160372
686032
477685
322291
118785
35652
529488
642188
853067
999759
807879
649719
124588
666330
830887
945569
565484
432441
130236
651154
964633
647801
36106
525684
128489
649224
952645
925060
596459
918358
985490
868631
100961
840884
464908
106519
295199
377033
92736
507940
985917
186650
101736
870662
826789
830830
723832
580509
105594
153420
711517
60343
791015
590226
530824
123154
125945
478958
201844
890197
897702
926850
223241
267390
906284
777388
135026
541243
356559
95884
408360
886220
425449
919928
911582
756812
376808
237847
674189
943474
146239
986420
940909
952934
728444
85703
960269
2345
356886
289583
268048
839673
666671
698220
306149
601902
711096
404233
884156
387016
924589
251535
359354
360196
455043
38850
606725
989057
863448
145687
765828
187014
938875
10822
140122
49356
935583
36040
415417
152553
500362
427258
478562
436179
42084
837726
870449
13771
97637
193002
372707
442976
616888
67968
63163
39389
636331
711844
623018
369311
944412
905036
907396
319592
362560
543892
587204
31978
698636
824549
114069
536784
801171
411726
702158
284201
768421
174149
315197
861947
944838
728736
13584
843423
26314
903385
166784
570871
496680
267500
348604
581983
93961
423489
801469
708442
472668
939723
946548
110989
318155
208887
858160
938644
542413
935164
539880
893987
230315
784263
334949
835155
846084
45511
293575
487107
483872
141397
847943
663539
436450
88543
254603
228370
40790
725749
297134
639840
398271
520643
292834
150792
208402
527400
161505
487607
247630
701146
960679
632106
438849
394023
276815
388275
446232
734852
828592
203436
764236
383427
894436
48924
360485
683791
987021
303418
671014
783346
487531
165251
532175
876246
383705
627919
953703
627811
938846
89520
132947
496319
380030
168759
336718
616390
824041
14522
500031
727876
90877
459985
616776
966694
75241
75180
612613
338951
92996
839926
960483
908291
943308
55974
942153
969578
95224
869979
682879
80021
998699
773375
596903
780677
935791
717230
763060
600112
490399
442069
118551
984772
566366
912163
605136
360529
919530
653701
221476
3997
618149
263902
376578
507999
571755
465915
196491
285787
602859
926746
624117
870241
232737
871030
594733
197575
466533
347423
135121
195276
435063
35344
637730
524831
431710
768133
439963
265866
416138
348702
462920
503729
141992
313780
41803
413093
636515
609188
186131
573775
152701
502461
8239
524770
428263
750723
857432
559258
76706
663873
786364
356905
899386
759793
354653
90404
972979
894566
963408
970985
696013
733766
617253
97118
829351
345684
890371
581111
121243
352138
154402
70111
274330
908490
725859
772398
663446
655959
16455
609530
323520
873792
249067
430650
279214
348813
289711
716880
747869
191039
733150
590094
29542
5072
796068
503090
789985
230319
204757
579471
774362
983418
539510
934256
192602
589390
449909
31418
423387
745489
508637
769963
896455
569792
651831
407829
60950
401184
951071
115381
526618
444824
346853
614952
566459
793403
124861
393069
736332
913045
916474
298169
403111
369563
605008
487099
523437
834426
322469
297463
672098
628603
965851
893533
138944
200381
503413
286191
508456
732469
971393
403294
28577
370625
347058
692528
639542
342747
719853
482844
47061
152976
967819
79113
355339
451995
849566
665637
701009
669850
27588
209217
785177
320384
73419
64342
211962
784903
345180
422135
413163
798979
483598
990713
283143
7678
56901
432354
172173
573564
157866
992062
996394
531226
126874
56496
554951
582449
341861
684916
298188
12889
74430
503000
217737
98406
770376
950794
197646
89849
331851
816097
915949
196751
405887
55839
837847
309232
486791
49555
859547
306446
141601
105782
206144
633803
318608
779825
111795
268425
923498
43070
82383
231193
516844
730921
821477
67620
595816
960843
91373
500227
107922
813222
723775
523957
696506
888789
10426
247202
440831
926538
335579
271105
802964
666861
309602
500
241506
438401
756924
663722
192915
773192
968606
801746
352511
18567
252643
592275
254129
9221
5982
690396
801495
521988
84139
956559
648486
717844
633659
26531
541376
309919
308381
837186
610114
509546
632568
372846
731267
476448
385179
148682
913958
978291
34859
444563
7203
575930
215621
399947
768336
696888
64216
716923
612636
787464
379198
507345
536814
606702
979848
541616
750389
781575
441604
406044
853516
523347
274927
628539
712385
16636
911533
522824
596067
900254
462644
876094
78011
754853
430233
768026
453228
311829
257394
951398
936546
271822
454899
397737
151618
155203
268124
179465
420112
262266
89098
941218
708883
803627
291513
351529
10395
422442
139856
40592
876529
451807
817948
51801
206484
944715
504485
591428
854942
407136
260107
423471
818638
155104
43479
640769
751820
940739
773199
927984
352365
82242
505554
445802
380978
201090
646812
173788
953381
56832
885985
70366
627171
754738
86348
254597
4781
386340
567333
9754
425629
496915
489137
420812
171081
407356
510327
341269
582014
500337
180105
117473
549287
125091
549985
557996
712670
171879
963332
277829
931569
582955
561230
2372
2586
417098
180052
567018
586988
234881
679632
880343
80213
988573
532515
796797
549371
677815
413734
559683
206153
706247
943100
324735
738505
955153
614342
958867
436122
876030
528880
105937
468801
971629
948768
388716
391938
155089
905267
403453
535533
254978
412578
587127
471476
738686
653368
191384
199573
693587
94424
30414
544499
635051
159392
78459
935127
693370
265959
617261
722783
197636
181987
866929
77630
79058
26916
390159
945656
34617
395414
307560
658552
517205
486589
715975
895356
561500
918629
938649
226576
556039
58789
154535
785269
900685
968557
345023
208132
616216
675848
449053
301120
980320
412459
970618
292681
410780
516548
315246
928436
111851
595952
176730
121468
674138
824247
631482
587246
857560
741903
537259
64294
43676
501699
188420
108443
915214
220519
869936
509297
188814
799263
473657
358905
645682
610080
482215
567077
13209
683187
250573
429315
569309
839733
475768
458854
998116
842233
423315
537717
574370
926375
709055
625447
597294
976349
558505
211321
971906
629277
623888
190182
42462
412007
787040
913939
418759
958881
625414
826047
914150
17495
701745
672053
408896
62161
122802
655726
678536
199639
47076
681046
207843
78368
109364
1254
809090
329862
60593
449735
39943
663140
116247
460458
513308
388934
848770
22420
743936
323355
514542
500751
364987
738619
54418
895990
856626
357889
109078
377511
136899
592040
678094
772059
450799
908096
381023
776112
698116
403325
448773
636683
460251
559720
497466
322178
660536
650845
394281
81179
219182
445503
939928
202046
746529
851478
845701
915098
774771
560547
932489
822958
498848
661278
18211
256521
375825
217607
271427
229049
641691
511908
122656
74932
851580
175754
814132
594817
557557
549557
188519
39494
618258
601539
521168
634320
333750
25621
263134
213067
802897
527968
693467
621720
844101
530937
360061
356342
766538
154673
218528
256676
286089
248166
887224
712503
317972
278600
21689
514203
830715
185481
217795
438054
667338
276388
274441
162839
876166
177810
325109
439474
623877
574917
387796
784538
704506
52528
940297
459231
467223
105325
131815
716934
393737
723991
38924
700267
258317
771784
764765
282352
953497
809198
541254
423037
145513
846838
585663
448412
688543
371209
34483
224098
749463
745150
289897
391315
861267
313708
744122
721612
160528
24137
174871
895783
558337
46738
441701
94332
498358
241388
71205
553553
707330
415733
730361
922880
445210
762633
58023
427479
594212
11643
773478
50989
209486
873711
953546
287822
434521
300343
949227
697770
590148
455702
477720
535381
719459
586458
690230
537246
345253
571974
807698
556594
615853
564367
910163
543099
742154
703457
284596
250213
241030
140263
852206
502074
110731
667860
782505
759524
993379
93158
124574
416128
69378
833200
716091
708346
873032
667507
13832
408458
643368
363903
429464
797850
80228
161278
941432
82877
630387
9360
485921
135642
746402
248809
893383
233494
223153
802886
966217
923758
551228
614085
712551
435834
625195
642759
43847
57577
802399
711171
177079
102669
492240
831552
447684
446273
128121
165729
480545
437094
889704
448048
950967
442123
179673
138522
476186
638888
503664
116533
301942
61819
676524
87111
701042
61813
134685
136200
862873
628228
853257
634224
335501
145349
353463
95662
447466
875191
777379
613523
524055
322633
255736
546622
257034
422138
949705
986337
800115
316706
945884
853798
676941
377586
299014
598707
636348
25036
821620
653779
708971
884019
862753
826969
654826
166677
390435
510090
268548
433949
38873
76573
859545
66349
997029
924082
913804
27885
640526
754451
816490
627624
577626
918209
703631
200630
864793
730912
740749
917798
957901
63072
6377
21968
898994
657840
874727
1413
383017
881164
646850
642955
669313
860155
233090
215860
918652
656310
746845
326079
365003
40662
482669
610627
233435
235263
914871
390561
191769
415521
677142
331233
671125
476197
869615
573323
117728
214282
862457
254220
570020
880549
12106
411241
248106
454337
98225
139184
891792
585591
493527
127697
595532
496077
508731
571122
551855
788209
730541
260117
467763
192836
261589
207373
837775
806010
6972
296102
483565
716552
844513
19200
593921
653715
108270
457249
488969
748286
155221
495974
954451
930210
976722
602922
251522
282680
427963
309413
863763
635656
462852
932101
258238
191979
945644
397234
435472
641787
2648
95947
432723
976549
38518
596593
666817
265890
287984
554831
767634
681678
169529
243256
436940
72724
975874
805030
990804
476605
631619
439568
515590
499692
730782
692281
754583
121268
149336
905085
388372
606857
990163
769647
587920
496887
404634
75903
359134
886771
993644
14194
761700
617542
544025
141099
422472
651989
38659
72520
109225
758484
834546
65727
148950
950106
839044
79944
847601
95140
622746
34587
717447
124964
706793
323333
818020
271879
306608
699553
474361
859013
513989
824147
768043
919878
26740
342971
631643
243917
999088
514356
477747
286634
145403
382870
689745
307848
898269
101463
388002
734473
934150
12081
990042
856606
473393
955079
490901
352042
492784
750095
909472
659202
308916
35964
328675
863339
565588
203159
114383
88483
717823
756454
526192
470722
97749
518452
915668
41399
370713
353573
751752
597264
535059
525891
203636
854235
748539
701172
777739
442327
114598
415126
752770
166187
495303
971189
235603
910392
537452
580330
414898
748685
615919
643216
724877
254103
7368
717480
24054
837455
232282
218221
614219
518258
949016
212718
230990
386386
784619
642371
258244
192207
470557
328821
102811
569544
396308
883265
190924
721344
578157
870905
35796
608338
915100
686048
403501
659604
664911
258780
423414
543402
289323
566692
577067
345417
889189
203952
680637
581662
392783
997191
841415
863618
567950
365065
409355
721342
899192
440072
85253
598065
339117
104685
58390
155498
310124
391360
267234
164309
234571
721655
490659
368033
398372
417038
331972
759835
23748
100713
614341
550155
240237
546221
849989
615554
659573
816457
57672
432735
335001
623935
965518
613700
156761
321112
470837
152412
341471
404919
985827
902914
813328
302852
439928
82912
744169
23668
90992
174505
837861
632509
868879
579538
143268
989427
413345
958403
829662
154387
62915
295735
952504
712273
101046
132193
214148
852690
542547
637742
597889
137945
753172
554449
176358
677905
619936
487656
338560
84907
602112
87309
541218
178503
777168
273931
549088
691681
269514
462741
617884
3194
108831
731691
94252
513804
500956
836580
505691
134995
74207
101666
220985
878012
535645
225553
976172
10822
6161
218759
144436
998775
410936
619662
556062
736815
108388
365395
619860
812255
95720
651524
550952
790423
230661
849733
317557
288330
127333
114915
628326
20661
964112
195689
413365
231857
487668
956607
433134
195552
781488
889978
84531
897385
543753
456270
350964
288796
342814
132434
629138
77008
280022
388157
272331
960591
452535
590812
694547
117938
673023
786638
131788
600584
172591
743628
510764
864459
562498
94417
517431
465320
895212
82822
500733
953910
789070
776420
66931
729666
220004
434050
834785
320475
619937
61190
745738
389200
149799
781524
377997
856834
531775
642136
516741
839663
439979
842013
854794
498714
712990
108516
510718
558856
95520
609033
605651
941742
330880
52979
569595
51937
879395
734137
774770
865617
803864
981850
76237
594289
192043
243075
801150
855868
709497
725188
201880
141752
59674
22469
742294
793017
737017
596137
714687
405710
221244
463857
769703
236251
467507
46523
414359
752970
85039
207801
188659
739336
106747
392828
203566
122936
556776
194296
116813
975088
914066
913353
865727
279141
857840
161368
580559
513825
901666
392448
263398
559411
567
766670
330081
489435
329749
633602
333445
217491
526003
976326
500007
953627
387575
843578
834458
628899
802321
419066
21058
97638
139223
828072
181087
355934
151427
934971
102038
514498
853793
572102
662421
740586
201082
310200
361979
843766
921167
132821
195624
552518
17803
635584
393499
528724
483229
596477
914696
227037
240025
255199
846418
37396
217823
637726
561752
264367
724207
237727
999755
103224
392804
296622
549414
183917
942323
133360
128868
89306
599873
650209
871106
458591
940857
589092
53770
497637
529514
99871
511301
404524
449232
872057
755920
339829
883578
17624
997008
237384
200407
177950
983137
871003
233894
345036
132776
813499
477738
735784
264570
226837
516434
150159
859224
496864
13293
152275
644347
514569
314090
775837
940271
555549
657753
328265
268373
147169
352343
221354
829606
897581
594426
869345
837645
829310
178717
221396
452896
327649
951339
987636
838330
579134
340768
215071
495596
25025
293759
906603
485354
458750
643031
795287
268786
19939
621010
276445
995668
217063
818403
271730
41521
806593
468092
787783
187245
659043
397332
380608
587266
579668
103686
62614
36892
842695
319570
587950
634690
427446
275435
484543
250856
807471
961109
319300
416754
92957
673478
346012
876515
586577
803625
335015
391772
560986
319097
677516
807155
132053
131625
468860
937934
244966
42822
22246
939542
620987
713098
775735
49078
597889
188888
189194
285093
308353
682275
54351
80493
276415
936586
28372
262622
354488
7395
504543
416254
214342
894998
634766
307473
481895
732094
383895
856042
811649
163447
724326
353724
934420
754363
474531
513121
148067
53212
514693
503488
173725
461091
565101
260238
483488
503406
635189
155935
395650
768578
494951
553576
269309
403557
11609
477628
942951
468238
428551
781357
44915
385978
107691
794397
963991
224810
126698
64920
577222
747159
395542
900371
251986
63064
1814
283446
179336
613017
61384
629956
6195
688138
586034
325411
681862
568914
5677
532104
163519
853263
846704
216228
171708
944649
752667
862030
494070
460090
61378
263922
942915
974061
576523
330439
2829
17269
968247
140743
8529
579016
760043
3973
94304
164272
456764
521843
138339
712947
264283
289697
317285
788286
762807
771904
323283
11840
820169
838533
911212
850603
343168
362225
166919
8279
95801
369325
53026
798259
445362
800155
89396
610937
55745
301783
711498
879108
451499
217944
910755
781398
972725
130231
29865
295438
592697
8296
145308
627231
859982
837838
346118
411314
801648
670755
287225
89390
646424
865723
372749
100490
500388
179469
43072
682135
818565
569794
299890
504003
186143
660988
860644
452014
384289
666347
939092
569017
536421
488508
360518
184845
917155
379379
444963
488088
899479
221186
185465
625329
335522
667128
495832
322343
160781
717078
203140
95464
100652
755101
214605
987303
704876
806426
665115
693838
405849
984884
961312
19463
777749
892218
509960
722437
347144
105106
898292
110558
483157
998068
245014
15921
530167
530933
591609
551036
269988
811100
154367
345650
861501
764099
843399
235142
675906
809727
481048
96195
722239
991845
64614
395535
501721
286564
452623
351539
256472
493437
156180
60263
793470
283054
218293
720888
458966
882656
452447
274517
459660
818186
234000
37251
65969
283529
205268
944022
6460
637442
253490
16373
160659
588788
553747
427382
397249
65725
930473
139745
301457
260074
856541
722173
553270
375957
173208
473029
698453
461251
864739
473779
981904
341800
857105
90412
422265
290230
27996
845732
93388
153834
229459
805515
490169
865521
261886
190243
964804
590067
3795
880345
966714
942995
262341
640958
241853
183151
908111
261759
580076
228196
155754
92932
147290
9081
664849
707798
541261
193080
940847
442389
628237
324330
792305
477354
139725
408514
104301
771093
409447
709568
107026
942731
977101
651896
339131
504172
685057
127711
828308
383784
329684
939
89535
768699
957426
851105
173342
823855
93102
956281
299289
455017
644006
973012
515368
157323
959376
417333
43426
783936
441084
842928
200418
59170
741054
417508
537633
339780
776374
597926
484969
511751
590348
108780
523203
61487
574922
827248
246419
461179
995327
62826
65337
902558
395146
402566
949158
790487
908801
609131
515881
965563
650577
527294
128355
413759
977662
479113
171641
953732
185475
345304
249616
929954
331695
274974
113034
606990
780932
274512
948270
751354
596374
810834
670641
216386
827677
831524
644100
241763
68375
118400
965818
241697
492177
158569
73900
445554
391948
106978
669028
412691
942581
442251
226159
948252
790636
910172
29842
39691
461617
965111
336271
120666
969286
3139
765264
986878
14878
698929
959177
106402
481150
944194
197139
238859
641903
545336
315747
667961
436254
79924
31292
100383
989171
145785
730873
702309
774757
521166
347682
250451
479995
676593
194157
727506
204762
41386
647213
501248
171658
410019
344485
758867
740036
917408
336972
177717
710829
498748
978333
581888
570562
749496
731099
588929
4784
107674
332132
202525
86026
29636
11752
294530
44987
910810
648914
464507
866496
765657
752379
397548
31730
572922
987886
600586
39315
647455
483403
225934
319421
831126
482754
3517
267289
345149
335511
660371
744002
202210
433763
934174
865338
1224
526604
320826
309271
338716
841586
576428
905845
61370
147504
368899
575717
686837
588793
778700
505109
499148
507497
310636
145748
685781
87557
302815
580532
456559
948150
638714
909490
359408
300916
471188
796292
999027
779238
66684
254154
594472
11928
432486
25627
99048
208196
287363
127394
486178
600616
542490
417892
850552
969029
62242
509732
218503
675399
321806
436626
302850
90642
774948
311789
165505
887129
533314
545077
456761
659578
11903
15617
863682
400479
619101
591799
968146
117867
888868
39071
729346
176736
825027
321046
929714
138350
726543
653470
506881
445428
518643
128164
48584
621898
387801
425755
71651
46882
174959
706375
833877
663443
845694
845134
707076
722868
436706
490734
700878
285368
380754
221300
84336
839384
746079
509771
654265
120909
803677
624579
460237
826250
130884
247675
279650
629093
953958
751469
925927
288941
781940
681524
742531
565220
32395
544642
66783
476147
777960
973986
871527
190889
779833
527231
45319
478512
298974
228265
640469
807115
438978
718241
859637
710853
436955
444793
994127
103438
264670
286815
353426
940858
717583
33463
966974
741089
172283
254752
794123
666136
940655
811383
523766
428195
667269
421270
124630
7966
965918
261377
444810
687910
566216
836510
204193
13219
220319
523373
623752
185988
314679
326455
971508
592337
648615
195863
956208
428651
181016
51104
932920
665761
99177
851667
47493
408435
853657
103703
889760
430889
15451
706614
786510
992181
377589
182826
112860
881641
377887
300128
467336
636640
249830
946946
215825
244992
851935
500582
627578
848951
427246
811758
906855
38161
534911
260130
988378
63653
500036
993411
581642
244219
643581
590741
173854
205222
997973
446666
917536
847976
955717
457487
343863
782965
222500
136861
540802
612990
443608
819282
663620
741437
806132
303668
748481
753276
669794
511026
890012
719313
417251
693601
428817
700249
687195
979054
494170
83873
629522
6591
600167
707922
409361
524818
985930
822396
717554
7566
205725
539903
964102
764235
670202
11295
221667
313732
620257
592207
121215
703177
16850
460418
612182
724734
944753
361006
568180
715232
129681
19456
624668
95661
958288
241924
44127
579215
363446
827595
999552
625554
79838
342220
404297
849366
848573
323186
271629
153913
798037
345292
426353
666030
394924
356338
859245
526035
191119
176875
293966
956727
281678
167391
793492
317431
504276
160940
767889
87277
152765
223157
381705
3641
759658
436425
41312
714360
114151
694819
882963
386780
490385
814028
429191
834554
535467
833308
591491
177176
72139
110463
836250
110462
167252
626363
895836
124849
907071
162640
499290
443003
647338
313140
257333
288340
687669
311317
69222
54783
114123
185417
789711
328891
112917
149823
700185
303922
929567
715736
282235
496927
53433
588416
859292
483110
319734
970504
824160
897734
344950
192649
519051
7537
317181
723621
834245
995847
221158
253025
223296
977971
878944
959092
958497
909943
122835
183359
522369
645008
750531
473083
271127
49705
847383
468984
825921
580246
987362
949225
488455
61293
347103
712913
603860
367103
67297
256499
29921
669798
278560
534262
877526
614282
562168
419013
760114
19819
806431
798053
47611
834665
2267
910095
413444
324298
118315
461705
371096
738082
981779
31662
351215
730775
479765
702221
822681
892054
778490
82852
12641
997745
894909
371391
998875
532905
274466
200160
285492
28907
735459
38120
485661
84915
828417
494599
432987
342797
265848
846633
928001
6394
495346
292773
399616
458011
994508
830045
563587
733049
811879
420830
293264
308174
385583
312513
869614
438862
514550
737904
990394
182687
261163
474483
68233
79537
98365
278956
476701
836389
469610
834350
66989
334771
405993
965520
872783
663843
825604
820017
616783
725579
659924
507203
313906
196228
551838
174427
531906
944798
385060
878496
995551
798770
587802
789286
476043
193173
842979
491716
101461
164200
29183
260289
835850
604244
96146
161390
277382
894347
647201
933156
168572
119115
233262
696439
353429
894826
141003
199291
643352
883980
460230
487725
782475
584547
508079
285048
60525
365000
713507
175721
864350
827729
463351
2833
656448
914184
214495
973935
980107
204667
445504
908912
486959
466981
87762
462543
892539
129827
767758
179537
731052
125182
353975
719164
826057
708350
558834
313910
919959
685440
484658
560685
282983
853590
919048
626709
989939
955552
30703
418062
87654
755404
871595
281861
480907
844504
361697
504871
275431
925332
194422
825295
494770
874815
389742
294323
920941
196725
898111
826224
725548
625455
541387
141663
519941
362810
328695
552926
327280
823841
784660
450712
285459
58853
706217
109730
824524
232374
800747
19601
531629
17062
787629
641571
472701
264701
694796
934341
461554
675757
456172
467674
911027
950347
64856
423254
101618
462328
866800
322590
289272
219651
57787
450238
670926
473244
667803
152467
471286
491703
356777
251291
310483
664881
150671
766067
799041
371764
551381
879469
419471
928754
78955
124888
196199
775124
830643
417326
354916
521339
222166
915668
789086
201328
351393
26324
222740
133903
769808
257284
142466
111669
254246
498162
919390
946806
585400
406259
736736
987356
782607
701659
963351
440712
424627
766544
91818
204878
648355
767182
783410
980157
367841
823475
602860
798426
419756
231127
870993
597410
258453
101701
156000
103320
832857
402438
720201
472155
627760
11762
150739
825535
865729
673907
753068
973643
864699
787121
930501
446454
522922
666527
277670
105540
100033
500179
228279
403537
35366
813559
834862
401475
50277
810155
878054
132190
553966
809172
262885
764899
48053
968977
667874
152202
172072
649147
889576
180368
51388
376133
202562
916349
515339
228443
673311
117488
240735
326428
324932
798668
549762
465084
831390
793303
751300
142849
703246
232193
688671
116637
919931
510791
667725
194079
481327
597578
449849
393897
517643
989421
320821
175185
418479
370114
669582
908796
397388
468442
214051
375303
418286
18529
863286
670106
446641
485126
290723
713731
124385
975971
806536
141931
557648
251028
606399
60831
373227
354436
803706
653311
192130
122557
916761
410017
7912
329131
23403
564019
379636
419030
319625
77080
328861
591731
670189
549831
621578
901318
240962
903732
888948
558611
558678
374994
492786
500401
457869
932276
700957
273970
854526
273036
39000
409773
890429
841186
492360
771515
537726
463969
254014
47365
627555
452692
657509
288751
647218
469634
202383
909141
497551
806129
354326
440841
167295
50795
151196
357424
886704
888521
59765
786802
387489
789099
25607
283657
188493
992433
56207
820319
24581
923325
183886
135794
110223
821956
760261
393385
287265
931093
353788
224784
918076
452965
201969
968810
975780
818140
197881
561185
926883
738959
902050
369766
463965
555549
655727
194953
609556
22667
668057
780067
636298
6314
78829
922080
889731
315623
804440
997051
88608
801272
757304
600379
785110
898145
956904
566755
593035
620170
778700
956809
153996
95575
126068
421144
155500
79525
608981
690315
421799
280314
695739
50358
316981
818347
296186
671535
179984
719214
71693
77193
190389
480189
512990
411365
712157
459627
500149
721553
375703
357555
946105
226530
933812
598792
177755
511484
802773
173003
15586
200665
410055
341977
500584
149258
179729
539364
480934
511665
286537
460569
488216
109480
765203
374864
826215
38225
815858
20806
842961
27957
309331
734263
212859
921760
854028
203924
141861
326144
4538
57952
778354
818525
327904
79786
819258
748706
770525
887786
243432
910708
727782
7109
524164
886213
127846
285982
202046
982452
416192
92692
510026
566451
626008
761760
498440
817060
515773
321495
278378
627135
602331
703432
875352
236031
850174
121968
348325
673727
509934
511919
986038
119293
126117
385111
228193
685695
548419
351624
377577
449532
752826
214260
138193
487990
10344
477586
848246
789011
643203
285190
755573
287637
821437
500513
350588
960381
189210
960250
153754
362348
444823
432159
670411
72927
329686
957758
967142
1545
459790
287195
18769
323150
151171
202437
241573
693057
638649
187749
667541
332484
706557
28293
353656
343639
380649
235749
151269
633731
88330
916116
206497
22936
286232
623537
176561
700809
436037
667002
727196
675152
729460
766007
403682
821359
640236
161994
29534
263803
865909
427689
487059
106737
515180
431684
452782
477719
612703
662917
242256
718078
577543
914034
697860
214674
374465
616056
50781
833201
289488
486835
138238
472997
117741
867212
362829
186444
735244
471555
300743
117628
735204
433501
594706
945356
150774
520808
409638
350217
877974
132985
787288
200390
951155
782769
420430
297289
272001
31860
100809
925853
167609
511693
748266
72071
503465
816697
636893
441037
885911
671336
905546
248994
10191
925427
508624
383744
348046
475780
214028
472540
574571
155116
639029
61910
670147
997576
770993
939464
597585
80921
67442
87303
485829
36767
325890
484673
397405
129371
999145
601931
524133
950999
247662
50589
72298
322667
804387
93349
555417
217812
938812
872359
124660
859736
412629
807679
377919
711172
210245
906203
